Best cost: 662.1100976492207
[[ 0 12  5 26  7  8 13 32  2  0  0  0  0  0  0  0  0  0  0  0  0  0  0  0
   0  0  0  0  0  0  0  0  0]
 [ 0 15 17  9  3 16 29  0  0  0  0  0  0  0  0  0  0  0  0  0  0  0  0  0
   0  0  0  0  0  0  0  0  0]
 [ 0 24  6 19 14 21  1 31 11  0  0  0  0  0  0  0  0  0  0  0  0  0  0  0
   0  0  0  0  0  0  0  0  0]
 [ 0 23 18 28 22  0  0  0  0  0  0  0  0  0  0  0  0  0  0  0  0  0  0  0
   0  0  0  0  0  0  0  0  0]
 [ 0 20  4 27 25 30 10  0  0  0  0  0  0  0  0  0  0  0  0  0  0  0  0  0
   0  0  0  0  0  0  0  0  0]]