Best cost: 780.9360751738242
[[ 0 24 30  5 26  4  0  0  0  0  0  0  0  0  0  0  0  0  0  0  0  0  0  0
   0  0  0  0  0  0  0  0  0  0]
 [ 0 27  1 23 11 19 17 10  0  0  0  0  0  0  0  0  0  0  0  0  0  0  0  0
   0  0  0  0  0  0  0  0  0  0]
 [ 0 13 25 31 28 32 21 18  0  0  0  0  0  0  0  0  0  0  0  0  0  0  0  0
   0  0  0  0  0  0  0  0  0  0]
 [ 0 20 33 16 22  3 12  9  2  0  0  0  0  0  0  0  0  0  0  0  0  0  0  0
   0  0  0  0  0  0  0  0  0  0]
 [ 0 14 29  8 15  6  7  0  0  0  0  0  0  0  0  0  0  0  0  0  0  0  0  0
   0  0  0  0  0  0  0  0  0  0]]
