Best cost: 835.251764594493
[[ 0 30  7  8  4 19 33  2  0  0  0  0  0  0  0  0  0  0  0  0  0  0  0  0
   0  0  0  0  0  0  0  0  0  0  0  0  0  0  0]
 [ 0  3 12 38 37 31 35 25 14  0  0  0  0  0  0  0  0  0  0  0  0  0  0  0
   0  0  0  0  0  0  0  0  0  0  0  0  0  0  0]
 [ 0 20 32 27 10 16 34 22 18  0  0  0  0  0  0  0  0  0  0  0  0  0  0  0
   0  0  0  0  0  0  0  0  0  0  0  0  0  0  0]
 [ 0  6  1 21 23 17 36 11  0  0  0  0  0  0  0  0  0  0  0  0  0  0  0  0
   0  0  0  0  0  0  0  0  0  0  0  0  0  0  0]
 [ 0 24 29 28  9  5 26  0  0  0  0  0  0  0  0  0  0  0  0  0  0  0  0  0
   0  0  0  0  0  0  0  0  0  0  0  0  0  0  0]
 [ 0 15 13  0  0  0  0  0  0  0  0  0  0  0  0  0  0  0  0  0  0  0  0  0
   0  0  0  0  0  0  0  0  0  0  0  0  0  0  0]]