Best cost: 787.0818888550939
[[ 0 14 28 11  4 23  2  3  6  0  0  0  0  0  0  0  0  0  0  0  0  0  0  0
   0  0  0  0  0  0  0  0]
 [ 0 27 24  0  0  0  0  0  0  0  0  0  0  0  0  0  0  0  0  0  0  0  0  0
   0  0  0  0  0  0  0  0]
 [ 0 20  5 25 10 29 15 22  9  8 18  0  0  0  0  0  0  0  0  0  0  0  0  0
   0  0  0  0  0  0  0  0]
 [ 0 21 31 19 17 13  7 26  0  0  0  0  0  0  0  0  0  0  0  0  0  0  0  0
   0  0  0  0  0  0  0  0]
 [ 0 30 16  1 12  0  0  0  0  0  0  0  0  0  0  0  0  0  0  0  0  0  0  0
   0  0  0  0  0  0  0  0]]